-0.4155731201171875,-0.39447021484375,9.869735717773438
-0.4407196044921875,-0.3860931396484375,9.8565673828125
-0.434722900390625,-0.3765106201171875,9.874526977539062
-0.4251556396484375,-0.3848876953125,9.862548828125
-0.438323974609375,-0.3753204345703125,9.821853637695312
-0.4419097900390625,-0.3860931396484375,9.8817138671875
-0.434722900390625,-0.389678955078125,9.8446044921875
-0.450286865234375,-0.3765106201171875,9.848190307617188
-0.432342529296875,-0.3813018798828125,9.8817138671875
-0.4490966796875,-0.37890625,9.8505859375
-0.4311370849609375,-0.3765106201171875,9.833816528320312
-0.413177490234375,-0.3777008056640625,9.882904052734375
-0.455078125,-0.3872833251953125,9.868545532226562
-0.453887939453125,-0.3920745849609375,9.843399047851562
-0.4191741943359375,-0.374114990234375,9.8565673828125
-0.4263458251953125,-0.3860931396484375,9.875717163085938
-0.432342529296875,-0.3777008056640625,9.882904052734375
-0.4143829345703125,-0.3765106201171875,9.862548828125
-0.4143829345703125,-0.4124298095703125,9.852981567382812
-0.455078125,-0.38848876953125,9.848190307617188
-0.4215545654296875,-0.3609466552734375,9.873321533203125
-0.450286865234375,-0.3657379150390625,9.891281127929688
-0.4299468994140625,-0.3813018798828125,9.831436157226562
-0.4251556396484375,-0.3848876953125,9.848190307617188
-0.443115234375,-0.3848876953125,9.860153198242188
-0.432342529296875,-0.380096435546875,9.87213134765625
-0.4107818603515625,-0.362152099609375,9.82904052734375
-0.4215545654296875,-0.3717193603515625,9.849380493164062
-0.459869384765625,-0.3549652099609375,9.892486572265625
-0.4622650146484375,-0.3920745849609375,9.88409423828125
-0.4514923095703125,-0.3609466552734375,9.825439453125
-0.443115234375,-0.380096435546875,9.864944458007812
-0.4036102294921875,-0.3848876953125,9.845794677734375
-0.4119873046875,-0.390869140625,9.851776123046875
-0.45867919921875,-0.38848876953125,9.87811279296875
-0.4119873046875,-0.36932373046875,9.860153198242188
-0.432342529296875,-0.3717193603515625,9.812271118164062
-0.455078125,-0.383697509765625,9.595596313476562
-0.4371185302734375,-0.3717193603515625,9.875717163085938
-0.4359283447265625,-0.389678955078125,9.880508422851562
-0.43951416015625,-0.3980560302734375,9.837417602539062
-0.434722900390625,-0.364532470703125,9.8565673828125
-0.45867919921875,-0.37890625,9.87811279296875
-0.4215545654296875,-0.362152099609375,9.845794677734375
-0.45867919921875,-0.3765106201171875,9.8936767578125
-0.4215545654296875,-0.3813018798828125,9.873321533203125
-0.4119873046875,-0.389678955078125,9.851776123046875
-0.43951416015625,-0.36334228515625,9.874526977539062
-0.43353271484375,-0.4136199951171875,9.886489868164062
-0.4359283447265625,-0.3968658447265625,9.848190307617188
-0.443115234375,-0.3860931396484375,9.87213134765625
-0.4359283447265625,-0.3729248046875,9.869735717773438
-0.41796875,-0.4028472900390625,9.838607788085938
-0.42755126953125,-0.3968658447265625,9.852981567382812
-0.43353271484375,-0.383697509765625,9.812271118164062
-0.4634552001953125,-0.3705291748046875,9.857772827148438
-0.4263458251953125,-0.395660400390625,9.838607788085938
-0.443115234375,-0.3729248046875,9.852981567382812
-0.42755126953125,-0.390869140625,9.836212158203125
-0.4263458251953125,-0.37890625,9.838607788085938
-0.453887939453125,-0.383697509765625,9.848190307617188
-0.455078125,-0.3669281005859375,9.88409423828125
-0.4359283447265625,-0.4028472900390625,9.855377197265625
-0.4419097900390625,-0.364532470703125,9.80389404296875
-0.4574737548828125,-0.399261474609375,9.868545532226562
-0.4155731201171875,-0.390869140625,9.8565673828125
-0.42755126953125,-0.3848876953125,9.854171752929688
-0.428741455078125,-0.4028472900390625,9.843399047851562
-0.459869384765625,-0.3777008056640625,9.83502197265625
-0.4359283447265625,-0.3705291748046875,9.88409423828125
-0.4311370849609375,-0.389678955078125,9.864944458007812
-0.428741455078125,-0.3872833251953125,9.826644897460938
-0.4467010498046875,-0.37890625,9.858963012695312
-0.443115234375,-0.36932373046875,9.885299682617188
-0.4467010498046875,-0.3705291748046875,9.8134765625
-0.443115234375,-0.3872833251953125,9.860153198242188
-0.4455108642578125,-0.374114990234375,9.830230712890625
-0.4467010498046875,-0.368133544921875,9.827835083007812
-0.475433349609375,-0.3813018798828125,9.876922607421875
-0.4419097900390625,-0.3872833251953125,9.837417602539062
-0.465850830078125,-0.36932373046875,9.882904052734375
-0.4359283447265625,-0.4136199951171875,9.839813232421875
-0.4359283447265625,-0.380096435546875,9.8446044921875
-0.42755126953125,-0.37890625,9.858963012695312
-0.4622650146484375,-0.389678955078125,9.818267822265625
-0.41796875,-0.39447021484375,9.897262573242188
3.5097198486328125,-1.767547607421875,10.212112426757812
-0.9590606689453125,1.37603759765625,10.631088256835938
-0.281494140625,2.0799407958984375,8.415252685546875
-5.261444091796875,5.0870513916015625,6.8350830078125
-3.704010009765625,6.41943359375,1.5427093505859375
-1.2535400390625,6.9341888427734375,4.9101409912109375
0.81744384765625,5.9884796142578125,3.8207855224609375
1.6554107666015625,6.8827056884765625,13.334152221679688
1.7799072265625,5.40069580078125,11.817413330078125
-4.682037353515625,8.75018310546875,1.8323974609375
0.929962158203125,4.1616973876953125,5.645172119140625
5.4119110107421875,2.7838287353515625,6.777618408203125
-0.128265380859375,2.91192626953125,7.050567626953125
-0.760345458984375,5.975311279296875,6.945220947265625
-2.177703857421875,7.324432373046875,5.335113525390625
-2.2543182373046875,5.9741058349609375,7.0445709228515625
3.21282958984375,4.5004730224609375,14.723983764648438
1.224456787109375,3.59307861328125,8.093231201171875
1.3872528076171875,3.85882568359375,8.335052490234375
0.94073486328125,4.0671234130859375,8.4451904296875
0.5157623291015625,4.2658538818359375,8.387725830078125
2.16656494140625,3.85284423828125,8.518203735351562
2.307830810546875,5.33245849609375,10.103164672851562
13.230178833007812,1.925506591796875,5.746917724609375
-0.828582763671875,7.0514984130859375,2.9337310791015625
-4.026031494140625,7.62969970703125,0.8615570068359375
-12.849868774414062,11.01031494140625,-2.76446533203125
-6.016815185546875,9.603713989257812,-0.61328125
-5.5080413818359375,5.4306182861328125,-2.1276092529296875
2.0420684814453125,1.9745941162109375,10.33660888671875
-2.31298828125,0.2411956787109375,7.4420166015625
-0.5269012451171875,-1.4000244140625,8.570877075195312
-0.406005859375,-0.35736083984375,9.838607788085938
-0.4263458251953125,-0.3824920654296875,9.864944458007812
-0.3928375244140625,-0.37890625,9.862548828125
-0.4048004150390625,-0.3777008056640625,9.851776123046875
-0.42755126953125,-0.3501739501953125,9.851776123046875
-0.428741455078125,-0.362152099609375,9.886489868164062
-0.4203643798828125,-0.3968658447265625,9.857772827148438
-0.422760009765625,-0.37890625,9.848190307617188
-0.438323974609375,-0.353759765625,9.827835083007812
-0.42755126953125,-0.3765106201171875,9.867340087890625
-0.4203643798828125,-0.38848876953125,9.843399047851562
-0.4191741943359375,-0.3753204345703125,9.855377197265625
-0.42755126953125,-0.3609466552734375,9.87811279296875
-0.4215545654296875,-0.364532470703125,9.843399047851562
-0.4299468994140625,-0.3501739501953125,9.84100341796875
-0.42755126953125,-0.3717193603515625,9.864944458007812
-0.413177490234375,-0.3777008056640625,9.838607788085938
-0.432342529296875,-0.3765106201171875,9.864944458007812
-0.4239501953125,-0.3513641357421875,9.84100341796875
-0.4203643798828125,-0.3717193603515625,9.8565673828125
-0.4155731201171875,-0.3765106201171875,9.832626342773438
-0.416778564453125,-0.3549652099609375,9.848190307617188
-0.4299468994140625,-0.368133544921875,9.849380493164062
-0.416778564453125,-0.3405914306640625,9.876922607421875
-0.438323974609375,-0.3777008056640625,9.849380493164062
-0.4419097900390625,-0.36334228515625,9.852981567382812
-0.4407196044921875,-0.3705291748046875,9.8565673828125
-0.443115234375,-0.346588134765625,9.900863647460938
-0.41796875,-0.390869140625,9.851776123046875
-0.3928375244140625,-0.3561553955078125,9.818267822265625
-0.443115234375,-0.35736083984375,9.885299682617188
-0.4000091552734375,-0.3477783203125,9.882904052734375
-0.455078125,-0.364532470703125,9.857772827148438
-0.4143829345703125,-0.36334228515625,9.876922607421875
-0.4359283447265625,-0.3609466552734375,9.858963012695312
-0.434722900390625,-0.3597564697265625,9.861358642578125
-0.4000091552734375,-0.3813018798828125,9.84100341796875
-0.432342529296875,-0.389678955078125,9.852981567382812
-0.4467010498046875,-0.3705291748046875,9.84100341796875
-0.4299468994140625,-0.364532470703125,9.873321533203125
-0.41796875,-0.36932373046875,9.8505859375
-0.4143829345703125,-0.3597564697265625,9.833816528320312
-0.4215545654296875,-0.3489837646484375,9.827835083007812
-0.40240478515625,-0.3489837646484375,9.848190307617188
-0.444305419921875,-0.3717193603515625,9.848190307617188
-0.3772735595703125,-0.3190460205078125,9.1263427734375
-0.4203643798828125,-0.36932373046875,9.879318237304688
-0.4095916748046875,-0.3669281005859375,9.849380493164062
-0.4095916748046875,-0.353759765625,9.861358642578125
-0.4143829345703125,-0.390869140625,9.87811279296875
-0.43353271484375,-0.358551025390625,9.86614990234375
-0.4191741943359375,-0.3729248046875,9.855377197265625
-0.4263458251953125,-0.3657379150390625,9.84100341796875
-0.406005859375,-0.3824920654296875,9.852981567382812
-0.432342529296875,-0.3729248046875,9.836212158203125
-0.4299468994140625,-0.3609466552734375,9.861358642578125
-0.406005859375,-0.36334228515625,9.908050537109375
-0.4467010498046875,-0.40643310546875,9.852981567382812
-0.4191741943359375,-0.337005615234375,9.852981567382812
-0.3952178955078125,-0.3561553955078125,9.8565673828125
-0.4359283447265625,-0.3729248046875,9.831436157226562
-0.4299468994140625,-0.3597564697265625,9.874526977539062
-0.4215545654296875,-0.341796875,9.8194580078125
-0.4155731201171875,-0.364532470703125,9.843399047851562
-0.42755126953125,-0.341796875,9.858963012695312
-0.422760009765625,-0.3920745849609375,9.86614990234375
-0.41796875,-0.3717193603515625,9.8505859375
-0.4263458251953125,-0.3717193603515625,9.858963012695312
-0.4143829345703125,-0.3549652099609375,9.892486572265625
-0.406005859375,-0.374114990234375,9.8565673828125
-0.4239501953125,-0.368133544921875,9.870941162109375
-0.3868408203125,-0.3729248046875,9.900863647460938
-0.4526824951171875,-0.3753204345703125,9.849380493164062
-0.438323974609375,-0.3477783203125,9.849380493164062
-0.4107818603515625,-0.3669281005859375,9.80987548828125
-0.434722900390625,-0.3453826904296875,9.8505859375
-0.422760009765625,-0.3717193603515625,9.832626342773438
-0.43951416015625,-0.3597564697265625,9.870941162109375
-0.385650634765625,-0.362152099609375,9.82904052734375
-0.4407196044921875,-0.3609466552734375,9.860153198242188
0.4774627685546875,-0.3920745849609375,9.759597778320312
3.7742767333984375,-0.267578125,10.00860595703125
-3.3628387451171875,-0.2867279052734375,9.785934448242188
-0.3365631103515625,-0.4040374755859375,9.921218872070312
-0.3569183349609375,-0.4232025146484375,9.849380493164062
-0.3461456298828125,-0.4196014404296875,9.857772827148438
-0.3676910400390625,-0.436370849609375,9.838607788085938
-0.3724822998046875,-0.3920745849609375,9.855377197265625
-0.3317718505859375,-0.417205810546875,9.858963012695312
-0.368896484375,-0.3932647705078125,9.851776123046875
-0.3724822998046875,-0.4088287353515625,9.815872192382812
-0.3557281494140625,-0.3848876953125,9.870941162109375
-0.3557281494140625,-0.3968658447265625,9.851776123046875
-0.368896484375,-0.4184112548828125,9.873321533203125
-0.3461456298828125,-0.39447021484375,9.867340087890625
-0.3772735595703125,-0.3813018798828125,9.855377197265625
-0.3569183349609375,-0.4028472900390625,9.8876953125
-0.31622314453125,-0.4016571044921875,9.861358642578125
-0.3784637451171875,-0.4243927001953125,9.836212158203125
-0.4107818603515625,-0.40643310546875,9.90325927734375
-0.3365631103515625,-0.442352294921875,9.839813232421875
-0.354522705078125,-0.3777008056640625,9.898468017578125
-0.379669189453125,-0.4100341796875,9.860153198242188
-0.3892364501953125,-0.374114990234375,10.02655029296875
-0.3844451904296875,-0.414825439453125,9.886489868164062
-0.354522705078125,-0.3968658447265625,9.84698486328125
-0.368896484375,-0.3920745849609375,9.870941162109375
-0.354522705078125,-0.4088287353515625,9.862548828125
-0.3617095947265625,-0.3860931396484375,9.873321533203125
-0.37127685546875,-0.3872833251953125,9.821853637695312
-0.35931396484375,-0.374114990234375,9.82904052734375
-0.37127685546875,-0.3824920654296875,9.852981567382812
-0.401214599609375,-0.4016571044921875,9.869735717773438
-0.344940185546875,-0.3872833251953125,9.830230712890625
-0.3736724853515625,-0.380096435546875,9.843399047851562
-0.39044189453125,-0.374114990234375,9.851776123046875
-0.370086669921875,-0.36932373046875,9.86614990234375
-0.3628997802734375,-0.40045166015625,9.857772827148438
-0.35333251953125,-0.3669281005859375,9.84100341796875
-0.3461456298828125,-0.39447021484375,9.824249267578125
-0.3497314453125,-0.383697509765625,9.860153198242188
-0.364105224609375,-0.40643310546875,9.849380493164062
-0.354522705078125,-0.4100341796875,9.826644897460938
-0.3892364501953125,-0.374114990234375,9.892486572265625
-0.364105224609375,-0.3872833251953125,9.874526977539062
-0.3676910400390625,-0.3705291748046875,9.837417602539062
-0.3676910400390625,-0.411224365234375,9.833816528320312
-0.368896484375,-0.39447021484375,9.87213134765625
-0.3581085205078125,-0.3872833251953125,9.826644897460938
-0.35931396484375,-0.3860931396484375,9.815872192382812
-0.3772735595703125,-0.4040374755859375,9.842208862304688
-0.354522705078125,-0.3717193603515625,9.864944458007812
-0.3784637451171875,-0.4016571044921875,9.827835083007812
-0.3784637451171875,-0.3860931396484375,9.831436157226562
-0.35333251953125,-0.4040374755859375,9.852981567382812
-0.3628997802734375,-0.3860931396484375,9.852981567382812
-0.3772735595703125,-0.38848876953125,9.827835083007812
-0.39642333984375,-0.4291839599609375,9.855377197265625
-0.370086669921875,-0.4040374755859375,9.852981567382812
-0.4000091552734375,-0.399261474609375,9.862548828125
-0.3868408203125,-0.405242919921875,9.825439453125
-0.3509368896484375,-0.4076385498046875,9.827835083007812
-0.379669189453125,-0.368133544921875,9.830230712890625
-0.3832550048828125,-0.4100341796875,9.857772827148438
-0.3868408203125,-0.405242919921875,9.870941162109375
-0.3892364501953125,-0.3980560302734375,9.814666748046875
-0.380859375,-0.38848876953125,9.857772827148438
-0.3581085205078125,-0.4016571044921875,9.812271118164062
-0.3736724853515625,-0.4196014404296875,9.867340087890625
-0.391632080078125,-0.405242919921875,9.852981567382812
-0.385650634765625,-0.3872833251953125,9.8134765625
-0.3617095947265625,-0.395660400390625,9.8505859375
-0.3617095947265625,-0.40045166015625,9.836212158203125
-0.376068115234375,-0.3860931396484375,9.852981567382812
-0.3557281494140625,-0.3705291748046875,9.869735717773438
-0.3102264404296875,-0.3860931396484375,9.8565673828125
-0.368896484375,-0.4243927001953125,9.796707153320312
-0.397613525390625,-0.341796875,9.869735717773438
-0.434722900390625,-0.3441925048828125,9.830230712890625
-0.3736724853515625,-0.3405914306640625,9.879318237304688
-0.397613525390625,-0.3705291748046875,9.824249267578125
-0.4036102294921875,-0.380096435546875,9.851776123046875
-0.39642333984375,-0.39447021484375,9.827835083007812
-0.3988189697265625,-0.389678955078125,9.8505859375
-0.39044189453125,-0.411224365234375,9.818267822265625
-0.4191741943359375,-0.3848876953125,9.830230712890625
-0.397613525390625,-0.3932647705078125,9.821853637695312
-0.3820648193359375,-0.395660400390625,9.849380493164062
-0.40240478515625,-0.3932647705078125,9.858963012695312
-0.3868408203125,-0.399261474609375,9.833816528320312
-0.4107818603515625,-0.399261474609375,9.8565673828125
-0.3892364501953125,-0.383697509765625,9.842208862304688
-0.3952178955078125,-0.3813018798828125,9.821853637695312
-0.3736724853515625,-0.3813018798828125,9.811080932617188
-0.3940277099609375,-0.4040374755859375,9.842208862304688
-0.3940277099609375,-0.38848876953125,9.821853637695312
-0.3928375244140625,-0.411224365234375,9.80389404296875
-0.3952178955078125,-0.3705291748046875,9.858963012695312
-0.380859375,-0.374114990234375,9.845794677734375
-0.4000091552734375,-0.3669281005859375,9.873321533203125
-0.39642333984375,-0.395660400390625,9.848190307617188
-0.3736724853515625,-0.390869140625,9.839813232421875
-0.39642333984375,-0.3813018798828125,9.8505859375
-0.37127685546875,-0.4232025146484375,9.86614990234375
-0.4036102294921875,-0.36932373046875,9.885299682617188
-0.4000091552734375,-0.4076385498046875,9.862548828125
-0.3988189697265625,-0.4040374755859375,9.896072387695312
-0.3736724853515625,-0.3932647705078125,9.875717163085938
-0.3880462646484375,-0.383697509765625,9.861358642578125
-0.3988189697265625,-0.405242919921875,9.832626342773438
-0.3988189697265625,-0.36932373046875,9.863754272460938
-0.3880462646484375,-0.39447021484375,9.857772827148438
-0.4048004150390625,-0.40643310546875,9.845794677734375
-0.397613525390625,-0.3753204345703125,9.868545532226562
-0.3952178955078125,-0.38848876953125,9.761993408203125
-0.407196044921875,-0.368133544921875,9.868545532226562
-0.39642333984375,-0.38848876953125,9.8505859375
-0.3988189697265625,-0.4028472900390625,9.8194580078125
-0.3844451904296875,-0.368133544921875,9.870941162109375
-0.4107818603515625,-0.3920745849609375,9.86614990234375
-0.406005859375,-0.3860931396484375,9.87213134765625
-0.397613525390625,-0.399261474609375,9.860153198242188
-0.385650634765625,-0.4076385498046875,9.845794677734375
-0.397613525390625,-0.3717193603515625,9.8446044921875
-0.3928375244140625,-0.3597564697265625,9.76080322265625
-0.3868408203125,-0.39447021484375,9.874526977539062
-0.40838623046875,-0.3980560302734375,9.8565673828125
-0.385650634765625,-0.405242919921875,9.959518432617188
-0.407196044921875,-0.3813018798828125,9.902053833007812
-0.385650634765625,-0.36932373046875,9.854171752929688
-0.4239501953125,-0.3669281005859375,9.827835083007812
-0.3748779296875,-0.3813018798828125,9.86614990234375
-0.3928375244140625,-0.3968658447265625,9.874526977539062
-0.401214599609375,-0.39447021484375,9.863754272460938
-0.3892364501953125,-0.36932373046875,9.854171752929688
-0.407196044921875,-0.374114990234375,9.880508422851562
-0.3952178955078125,-0.368133544921875,9.864944458007812
-0.376068115234375,-0.395660400390625,9.876922607421875
-0.4119873046875,-0.3932647705078125,9.82904052734375
-0.41796875,-0.374114990234375,9.876922607421875
-0.40838623046875,-0.389678955078125,9.84698486328125
-0.4263458251953125,-0.3489837646484375,9.862548828125
-0.39044189453125,-0.3980560302734375,9.83502197265625
-0.4155731201171875,-0.4136199951171875,9.880508422851562
-0.3952178955078125,-0.352569580078125,9.873321533203125
-0.3784637451171875,-0.405242919921875,9.851776123046875
-0.4036102294921875,-0.3729248046875,9.820648193359375
-0.401214599609375,-0.3777008056640625,9.855377197265625
-0.3784637451171875,-0.3980560302734375,9.860153198242188
-0.4155731201171875,-0.390869140625,9.845794677734375
-0.391632080078125,-0.3848876953125,9.861358642578125
-0.385650634765625,-0.40045166015625,9.87213134765625
-0.391632080078125,-0.442352294921875,9.858963012695312
-0.3928375244140625,-0.4100341796875,9.823043823242188
-0.3952178955078125,-0.3980560302734375,9.837417602539062
-0.3868408203125,-0.37890625,9.806289672851562
-0.4155731201171875,-0.3848876953125,9.845794677734375
-0.385650634765625,-0.3920745849609375,9.8565673828125
-0.4036102294921875,-0.3705291748046875,9.836212158203125
-0.406005859375,-0.380096435546875,9.820648193359375
-0.4155731201171875,-0.3824920654296875,9.832626342773438
-0.391632080078125,-0.3932647705078125,9.87213134765625
-0.397613525390625,-0.3860931396484375,9.833816528320312
-0.3676910400390625,-0.3717193603515625,9.890090942382812
-0.397613525390625,-0.40643310546875,9.855377197265625
-0.3952178955078125,-0.3669281005859375,9.896072387695312
-0.3832550048828125,-0.38848876953125,9.812271118164062
-0.3844451904296875,-0.383697509765625,9.849380493164062
-0.391632080078125,-0.3872833251953125,9.8565673828125
-0.37127685546875,-0.380096435546875,9.8134765625
-0.3832550048828125,-0.3729248046875,9.836212158203125
-0.401214599609375,-0.395660400390625,9.826644897460938
-0.3952178955078125,-0.3848876953125,9.839813232421875
-0.406005859375,-0.36932373046875,9.861358642578125
-0.376068115234375,-0.399261474609375,9.854171752929688
-0.36529541015625,-0.36334228515625,9.8817138671875
-0.360504150390625,-0.3729248046875,9.8565673828125
-0.3832550048828125,-0.374114990234375,9.867340087890625
-0.4036102294921875,-0.3813018798828125,9.815872192382812
-0.4143829345703125,-0.362152099609375,9.836212158203125
-0.3952178955078125,-0.3980560302734375,9.88409423828125
-0.4000091552734375,-0.3813018798828125,9.855377197265625
-0.3988189697265625,-0.3920745849609375,9.858963012695312
-0.376068115234375,-0.3717193603515625,9.8505859375
-0.3736724853515625,-0.40643310546875,9.879318237304688
-0.4048004150390625,-0.4219970703125,9.896072387695312
-0.3772735595703125,-0.353759765625,9.870941162109375
-0.3844451904296875,-0.4100341796875,9.87811279296875
-0.379669189453125,-0.3777008056640625,9.875717163085938
-0.3988189697265625,-0.3860931396484375,9.83502197265625
-0.385650634765625,-0.3932647705078125,9.837417602539062
-0.3736724853515625,-0.3872833251953125,9.820648193359375
-0.368896484375,-0.3860931396484375,9.875717163085938
-0.3892364501953125,-0.399261474609375,9.88409423828125
-0.39642333984375,-0.3729248046875,9.825439453125
-0.35931396484375,-0.3765106201171875,9.854171752929688
-0.368896484375,-0.40045166015625,9.869735717773438
-0.3940277099609375,-0.390869140625,9.837417602539062
-0.3892364501953125,-0.389678955078125,9.851776123046875
-0.3892364501953125,-0.3860931396484375,9.88409423828125
-0.3844451904296875,-0.389678955078125,9.8936767578125
-0.401214599609375,-0.3777008056640625,9.87811279296875
-0.368896484375,-0.3813018798828125,9.87213134765625
-0.401214599609375,-0.3813018798828125,9.832626342773438
-0.364105224609375,-0.3669281005859375,9.811080932617188
-0.3772735595703125,-0.3669281005859375,9.886489868164062
-0.4048004150390625,-0.3705291748046875,9.83502197265625
-0.380859375,-0.3513641357421875,9.842208862304688
-0.3868408203125,-0.3813018798828125,9.83502197265625
-0.3772735595703125,-0.3765106201171875,9.876922607421875
-0.4203643798828125,-0.3609466552734375,9.851776123046875
-0.3940277099609375,-0.3765106201171875,9.854171752929688
-0.3844451904296875,-0.4040374755859375,9.845794677734375
-0.3880462646484375,-0.383697509765625,9.88409423828125
-0.401214599609375,-0.364532470703125,9.8446044921875
-0.397613525390625,-0.362152099609375,9.84698486328125
-0.3892364501953125,-0.3669281005859375,9.858963012695312
-0.3820648193359375,-0.3561553955078125,9.876922607421875
-0.401214599609375,-0.3705291748046875,9.90325927734375
-0.3772735595703125,-0.40643310546875,9.862548828125
-0.3928375244140625,-0.3669281005859375,9.852981567382812
-0.3988189697265625,-0.389678955078125,9.857772827148438
-0.39044189453125,-0.390869140625,9.84698486328125
-0.4095916748046875,-0.40643310546875,9.867340087890625
-0.3988189697265625,-0.37890625,9.861358642578125
-0.3724822998046875,-0.3717193603515625,9.864944458007812
-0.3868408203125,-0.3765106201171875,9.8505859375
-0.3784637451171875,-0.3968658447265625,9.831436157226562
-0.376068115234375,-0.38848876953125,9.873321533203125
-0.376068115234375,-0.3860931396484375,9.849380493164062
-0.385650634765625,-0.3753204345703125,9.849380493164062
-0.3784637451171875,-0.380096435546875,9.848190307617188
-0.380859375,-0.374114990234375,9.854171752929688
-0.385650634765625,-0.395660400390625,9.831436157226562
-0.376068115234375,-0.395660400390625,9.845794677734375
-0.40240478515625,-0.3920745849609375,9.8817138671875
-0.3665008544921875,-0.38848876953125,9.851776123046875
-0.407196044921875,-0.4088287353515625,9.826644897460938
-0.3246002197265625,-0.3824920654296875,9.886489868164062
-0.3724822998046875,-0.37890625,9.8565673828125
-0.391632080078125,-0.3657379150390625,9.855377197265625
-0.379669189453125,-0.3717193603515625,9.843399047851562
-0.3736724853515625,-0.389678955078125,9.854171752929688
-0.37127685546875,-0.3717193603515625,9.8505859375
-0.3557281494140625,-0.39447021484375,9.836212158203125
-0.380859375,-0.38848876953125,9.874526977539062
-0.3736724853515625,-0.37890625,9.842208862304688
-0.4036102294921875,-0.3860931396484375,9.874526977539062
-0.3988189697265625,-0.405242919921875,9.868545532226562
-0.360504150390625,-0.3705291748046875,9.862548828125
-0.3748779296875,-0.36932373046875,9.858963012695312
-0.39642333984375,-0.38848876953125,9.824249267578125
-0.40838623046875,-0.37890625,9.894882202148438
-0.3880462646484375,-0.3848876953125,9.8817138671875
-0.39642333984375,-0.3441925048828125,9.880508422851562
-0.3844451904296875,-0.399261474609375,9.876922607421875
-0.3581085205078125,-0.352569580078125,9.8446044921875
-0.397613525390625,-0.3705291748046875,9.894882202148438
-0.3844451904296875,-0.36932373046875,9.862548828125
-0.4119873046875,-0.3609466552734375,9.83502197265625
-0.3628997802734375,-0.368133544921875,9.862548828125
-0.4048004150390625,-0.3920745849609375,9.84100341796875
-0.36529541015625,-0.390869140625,9.868545532226562
-0.35333251953125,-0.3920745849609375,9.9248046875
-0.391632080078125,-0.3657379150390625,9.827835083007812
-0.3988189697265625,-0.40643310546875,9.857772827148438
-0.368896484375,-0.36932373046875,9.86614990234375
-0.5484619140625,-0.390869140625,10.508987426757812
-0.40240478515625,-0.3717193603515625,9.873321533203125
-0.4048004150390625,-0.3753204345703125,9.857772827148438
-0.3940277099609375,-0.35736083984375,9.870941162109375
-0.3832550048828125,-0.3334197998046875,9.862548828125
-0.3784637451171875,-0.3932647705078125,9.8446044921875
-0.4036102294921875,-0.3824920654296875,9.80987548828125
-0.4000091552734375,-0.3824920654296875,9.849380493164062
-0.36529541015625,-0.37890625,9.870941162109375
-0.3868408203125,-0.390869140625,9.8505859375
-0.3940277099609375,-0.389678955078125,9.833816528320312
-0.391632080078125,-0.405242919921875,9.8876953125
-0.3832550048828125,-0.35736083984375,9.852981567382812
-0.40240478515625,-0.352569580078125,9.864944458007812
-0.3784637451171875,-0.383697509765625,9.839813232421875
-0.380859375,-0.3860931396484375,9.863754272460938
-0.3988189697265625,-0.3920745849609375,9.857772827148438
-0.3748779296875,-0.3777008056640625,9.867340087890625
-0.3832550048828125,-0.3777008056640625,9.848190307617188
-0.4000091552734375,-0.39447021484375,9.852981567382812
-0.391632080078125,-0.3932647705078125,9.842208862304688
-0.40838623046875,-0.3669281005859375,9.879318237304688
-0.4048004150390625,-0.3872833251953125,9.876922607421875
-0.40240478515625,-0.4016571044921875,9.83502197265625
-0.3832550048828125,-0.380096435546875,9.842208862304688
-0.40240478515625,-0.3705291748046875,9.86614990234375
-0.36529541015625,-0.383697509765625,9.82904052734375
-0.376068115234375,-0.3513641357421875,9.848190307617188
-0.370086669921875,-0.36932373046875,9.833816528320312
-0.3928375244140625,-0.4028472900390625,9.885299682617188
-0.39642333984375,-0.3765106201171875,9.84100341796875
-0.3832550048828125,-0.395660400390625,9.854171752929688
-0.4095916748046875,-0.4040374755859375,9.867340087890625
-0.364105224609375,-0.3848876953125,9.882904052734375
-0.3724822998046875,-0.3777008056640625,9.897262573242188
-0.401214599609375,-0.3765106201171875,9.858963012695312
-0.3844451904296875,-0.36334228515625,9.825439453125
-0.3868408203125,-0.362152099609375,9.8505859375
-0.4095916748046875,-0.4088287353515625,9.87213134765625
-0.380859375,-0.380096435546875,9.875717163085938
-0.39642333984375,-0.364532470703125,9.892486572265625
-0.370086669921875,-0.364532470703125,9.886489868164062
-0.3928375244140625,-0.3824920654296875,9.904449462890625
-0.3868408203125,-0.40045166015625,9.839813232421875
-0.370086669921875,-0.38848876953125,10.018173217773438
-0.3784637451171875,-0.4028472900390625,9.832626342773438
-0.3892364501953125,-0.37890625,9.808685302734375
-0.37127685546875,-0.383697509765625,9.8446044921875
-0.4239501953125,-0.399261474609375,9.935577392578125
-0.3676910400390625,-0.39447021484375,9.897262573242188
-0.4107818603515625,-0.383697509765625,9.8134765625
-0.3892364501953125,-0.3872833251953125,9.857772827148438
-0.3952178955078125,-0.40045166015625,9.753616333007812
-0.4095916748046875,-0.374114990234375,9.832626342773438
-0.4562835693359375,-0.3860931396484375,10.04571533203125
-0.3868408203125,-0.3872833251953125,9.825439453125
-0.397613525390625,-0.3813018798828125,9.869735717773438
-0.370086669921875,-0.4076385498046875,9.868545532226562
-0.3880462646484375,-0.3848876953125,9.84698486328125
-0.39044189453125,-0.3657379150390625,9.857772827148438
-0.391632080078125,-0.3920745849609375,9.845794677734375
-0.401214599609375,-0.4040374755859375,9.864944458007812
-0.3581085205078125,-0.3920745849609375,9.87811279296875
-0.391632080078125,-0.36334228515625,9.832626342773438
-0.376068115234375,-0.411224365234375,9.848190307617188
-0.1402435302734375,-0.395660400390625,9.340621948242188
-0.380859375,-0.4040374755859375,9.87213134765625
-0.39044189453125,-0.3597564697265625,9.888885498046875
-0.3628997802734375,-0.380096435546875,9.892486572265625
-0.36529541015625,-0.390869140625,9.8565673828125
-0.385650634765625,-0.3848876953125,9.838607788085938
-0.3784637451171875,-0.395660400390625,9.880508422851562
-0.3940277099609375,-0.4040374755859375,9.874526977539062
-0.3952178955078125,-0.368133544921875,9.860153198242188
-0.3736724853515625,-0.374114990234375,9.849380493164062
-0.379669189453125,-0.3765106201171875,9.862548828125
-0.3665008544921875,-0.342987060546875,9.83502197265625
-0.3892364501953125,-0.395660400390625,9.854171752929688
-0.3988189697265625,-0.36334228515625,9.885299682617188
-0.379669189453125,-0.3753204345703125,9.87811279296875
-0.3820648193359375,-0.3860931396484375,9.8817138671875
-0.406005859375,-0.3705291748046875,9.857772827148438
-0.4107818603515625,-0.39447021484375,9.890090942382812
-0.379669189453125,-0.3729248046875,9.821853637695312
-0.41796875,-0.3753204345703125,9.882904052734375
-0.3784637451171875,-0.380096435546875,9.870941162109375
-0.4048004150390625,-0.38848876953125,9.839813232421875
-0.4203643798828125,-0.389678955078125,9.87213134765625
-0.3820648193359375,-0.39447021484375,9.858963012695312
-0.3952178955078125,-0.3980560302734375,9.839813232421875
-0.43353271484375,-0.3932647705078125,9.9990234375
-0.40838623046875,-0.3860931396484375,9.851776123046875
-0.2719268798828125,-0.3872833251953125,9.463912963867188
-0.391632080078125,-0.38848876953125,9.848190307617188
-0.3820648193359375,-0.3705291748046875,9.870941162109375
-0.379669189453125,-0.368133544921875,9.892486572265625
-0.4000091552734375,-0.416015625,9.860153198242188
-0.4263458251953125,-0.35736083984375,9.851776123046875
-0.3892364501953125,-0.3872833251953125,9.818267822265625
-0.380859375,-0.383697509765625,9.83502197265625
-0.39642333984375,-0.380096435546875,9.8446044921875
-0.380859375,-0.3872833251953125,9.784744262695312
-0.376068115234375,-0.4076385498046875,9.860153198242188
-0.4203643798828125,-0.3968658447265625,9.8446044921875
-0.3569183349609375,-0.364532470703125,9.854171752929688
-0.376068115234375,-0.3705291748046875,9.860153198242188
-0.4155731201171875,-0.364532470703125,9.805099487304688
-0.380859375,-0.3813018798828125,9.855377197265625
-0.3748779296875,-0.3609466552734375,9.867340087890625
0.2500152587890625,-0.79071044921875,7.9842987060546875
0.38409423828125,-1.9411163330078125,8.11956787109375
0.3445892333984375,0.090362548828125,8.665451049804688
-4.6221923828125,2.4749908447265625,9.340621948242188
-4.289398193359375,2.067962646484375,9.7200927734375
-4.5036773681640625,3.9462127685546875,9.128738403320312
-4.7526702880859375,5.0008697509765625,6.9093017578125
-5.8300628662109375,5.3444366455078125,3.92254638671875
2.2958526611328125,3.98333740234375,6.4615936279296875
3.333740234375,2.8448944091796875,8.369766235351562
3.8209686279296875,2.446258544921875,8.549331665039062
2.3628997802734375,3.1250152587890625,9.078445434570312
2.9973602294921875,3.001708984375,8.185409545898438
2.95904541015625,2.907135009765625,8.57208251953125
2.0648193359375,2.9203033447265625,8.803115844726562
1.21368408203125,2.749114990234375,9.207733154296875
1.960662841796875,2.3828125,8.8533935546875
1.2699432373046875,2.352874755859375,9.625534057617188
0.3924713134765625,2.92388916015625,9.814666748046875
-0.3006591796875,3.8504486083984375,8.75164794921875
0.184173583984375,3.978546142578125,8.415252685546875
0.163818359375,3.9917144775390625,8.2093505859375
1.691314697265625,3.393157958984375,6.7728424072265625
0.47027587890625,3.9402313232421875,8.60321044921875
-1.051239013671875,3.4003448486328125,9.0018310546875
-0.69329833984375,3.9929046630859375,8.331466674804688
-1.5767669677734375,3.8923492431640625,9.098800659179688
-2.484161376953125,4.1593017578125,9.107177734375
-2.1262359619140625,3.777435302734375,8.744461059570312
-2.0316619873046875,4.1257781982421875,8.227310180664062
-2.0903167724609375,3.9498138427734375,8.72650146484375
-2.0304718017578125,4.0814971923828125,8.508636474609375
-1.7359771728515625,3.98931884765625,8.588836669921875
-2.107086181640625,3.8432769775390625,8.945571899414062
-1.6629486083984375,3.5847015380859375,8.885726928710938
-1.6198577880859375,3.5020904541015625,8.852203369140625
-1.6749267578125,3.5691375732421875,8.812698364257812
-1.5576171875,3.4757537841796875,9.939163208007812
-1.453460693359375,3.5739288330078125,8.846221923828125
-1.8042144775390625,3.523651123046875,9.019790649414062
-1.533660888671875,3.3644256591796875,9.065277099609375
-1.5468292236328125,3.529632568359375,8.842620849609375
-1.6521759033203125,3.59906005859375,8.487091064453125
-1.3720550537109375,3.6804656982421875,7.1547088623046875
-1.642608642578125,3.430267333984375,8.783966064453125
-1.4151611328125,3.4386444091796875,8.665451049804688
-1.28826904296875,3.3536529541015625,9.029373168945312
-1.2535400390625,3.5164642333984375,8.716934204101562
-1.5444488525390625,3.7283477783203125,8.703765869140625
-1.62823486328125,3.5487823486328125,8.969512939453125
-1.490570068359375,3.5703277587890625,8.830657958984375
-1.41156005859375,3.5116729736328125,9.010223388671875
-1.4343109130859375,3.4757537841796875,8.953948974609375
-1.5827484130859375,3.5068817138671875,8.8785400390625
-1.4283294677734375,3.4410400390625,8.910858154296875
-1.583953857421875,3.54638671875,9.012619018554688
-1.3277740478515625,3.5284271240234375,8.898895263671875
-1.695281982421875,3.6337738037109375,8.79473876953125
-2.3393096923828125,3.990509033203125,8.661865234375
-2.2794647216796875,3.9067230224609375,8.649887084960938
-2.1860809326171875,3.9402313232421875,8.393707275390625
-2.4279022216796875,3.7642669677734375,8.756439208984375
-2.3225555419921875,3.6182098388671875,8.619964599609375
-1.3349456787109375,3.372802734375,9.14788818359375
-0.8848419189453125,3.5116729736328125,8.7791748046875
-0.2348175048828125,3.2423248291015625,9.636306762695312
-0.153411865234375,3.96417236328125,8.411666870117188
-0.307830810546875,4.058746337890625,8.38653564453125
-0.1234893798828125,3.47216796875,8.85699462890625
-0.2240447998046875,3.06036376953125,10.520965576171875
1.3130340576171875,2.9310760498046875,8.461944580078125
1.6087188720703125,2.6126556396484375,9.344207763671875
1.21368408203125,3.5655364990234375,8.830657958984375
2.8824310302734375,1.659759521484375,9.131118774414062
1.43634033203125,2.594696044921875,8.235687255859375
1.5500640869140625,1.628631591796875,9.340621948242188
1.1167144775390625,2.3217620849609375,8.017822265625
0.9060211181640625,2.3444976806640625,9.120346069335938
0.416412353515625,2.7814483642578125,9.201751708984375
-0.851318359375,3.075927734375,9.120346069335938
-0.5628204345703125,2.1481781005859375,9.839813232421875
-1.1182708740234375,2.483367919921875,10.080429077148438
0.0596771240234375,2.4510345458984375,9.463912963867188
-0.1198883056640625,2.2774658203125,10.826217651367188
-0.2455902099609375,2.247528076171875,10.913604736328125
0.24163818359375,2.6365966796875,9.220901489257812
0.1446685791015625,2.7598876953125,9.201751708984375
0.36492919921875,2.8412933349609375,9.268798828125
0.3876800537109375,3.2375335693359375,8.602005004882812
-0.2455902099609375,3.50927734375,10.070846557617188
0.026153564453125,3.529632568359375,9.016204833984375
0.126708984375,3.4422454833984375,9.082046508789062
0.2176971435546875,3.1309967041015625,8.81988525390625
0.25958251953125,2.8412933349609375,9.569259643554688
0.125518798828125,2.9825592041015625,8.995849609375
0.1925506591796875,2.9957275390625,9.24365234375
-0.0348968505859375,3.201629638671875,8.963531494140625
-0.1234893798828125,3.1094512939453125,8.977890014648438
-0.8477325439453125,3.238739013671875,9.149078369140625
-1.5013427734375,3.8085479736328125,8.6307373046875
-1.5612030029296875,3.8169403076171875,8.743270874023438
-1.0069427490234375,3.810943603515625,8.558914184570312
-1.9634246826171875,4.0826873779296875,9.029373168945312
-0.692108154296875,5.5455474853515625,7.2971649169921875
-0.1869354248046875,5.5132293701171875,7.9160614013671875
-0.1869354248046875,5.5132293701171875,7.9160614013671875
-0.073211669921875,5.39471435546875,8.465530395507812
-0.073211669921875,5.39471435546875,8.465530395507812
3.6569671630859375,4.3197174072265625,5.73614501953125
3.6569671630859375,4.3197174072265625,5.73614501953125
4.2854461669921875,3.687652587890625,6.787200927734375
4.2854461669921875,3.687652587890625,6.787200927734375
3.9969329833984375,3.937835693359375,7.6156005859375
3.9969329833984375,3.937835693359375,7.6156005859375
3.0296783447265625,4.1030426025390625,8.3338623046875
3.0296783447265625,4.1030426025390625,8.3338623046875
3.2283935546875,3.387176513671875,8.91204833984375
3.2283935546875,3.387176513671875,8.91204833984375
2.292266845703125,3.631378173828125,8.369766235351562
2.292266845703125,3.631378173828125,8.369766235351562
2.230010986328125,3.78460693359375,8.586441040039062
2.230010986328125,3.78460693359375,8.586441040039062
2.45147705078125,3.62060546875,8.479904174804688
2.45147705078125,3.62060546875,8.479904174804688
2.4610595703125,3.70440673828125,8.417648315429688
2.4610595703125,3.70440673828125,8.417648315429688
2.30902099609375,3.603851318359375,8.508636474609375
2.30902099609375,3.603851318359375,8.508636474609375
2.4383087158203125,3.67327880859375,8.458358764648438
2.4383087158203125,3.67327880859375,8.458358764648438
2.2467803955078125,3.6972198486328125,8.517013549804688
2.2467803955078125,3.6972198486328125,8.517013549804688
1.942718505859375,3.2471160888671875,9.489059448242188
1.942718505859375,3.2471160888671875,9.489059448242188
2.8034210205078125,4.3352813720703125,6.9105072021484375
2.8034210205078125,4.3352813720703125,6.9105072021484375
2.16058349609375,3.631378173828125,9.654251098632812
2.16058349609375,3.631378173828125,9.654251098632812
2.091156005859375,4.739898681640625,7.25286865234375
2.091156005859375,4.739898681640625,7.25286865234375
2.335357666015625,3.652923583984375,9.242462158203125
2.335357666015625,3.652923583984375,9.242462158203125
2.5544281005859375,4.671661376953125,6.93084716796875
2.5544281005859375,4.671661376953125,6.93084716796875
2.91595458984375,4.0048828125,8.48828125
2.91595458984375,4.0048828125,8.48828125
2.0731964111328125,4.0862884521484375,8.36737060546875
2.0731964111328125,4.0862884521484375,8.36737060546875
1.3812713623046875,3.5858917236328125,8.839035034179688
1.3812713623046875,3.5858917236328125,8.839035034179688
1.490203857421875,2.155364990234375,10.2408447265625
1.490203857421875,2.155364990234375,10.2408447265625
0.1913604736328125,3.1106414794921875,10.900436401367188
0.1913604736328125,3.1106414794921875,10.900436401367188
0.39605712890625,4.820098876953125,7.6993865966796875
0.39605712890625,4.820098876953125,7.6993865966796875
-0.4191741943359375,5.4940643310546875,6.5142669677734375
-0.4191741943359375,5.4940643310546875,6.5142669677734375
-0.8453369140625,5.5335693359375,7.03021240234375
-0.8453369140625,5.5335693359375,7.03021240234375
-0.258758544921875,4.475341796875,8.071685791015625
-0.258758544921875,4.475341796875,8.071685791015625
-1.4187469482421875,3.4637908935546875,8.80072021484375
-1.4187469482421875,3.4637908935546875,8.80072021484375
0.92877197265625,3.040008544921875,10.589187622070312
0.92877197265625,3.040008544921875,10.589187622070312
1.781097412109375,3.78460693359375,9.937973022460938
1.781097412109375,3.78460693359375,9.937973022460938
0.5289306640625,3.1513519287109375,5.9767608642578125
0.5289306640625,3.1513519287109375,5.9767608642578125
1.3860626220703125,4.31134033203125,10.1163330078125
1.3860626220703125,4.31134033203125,10.1163330078125
1.73681640625,3.1573333740234375,8.542144775390625
1.73681640625,3.1573333740234375,8.542144775390625
1.8828582763671875,2.75390625,8.78277587890625
1.8828582763671875,2.75390625,8.78277587890625
1.5500640869140625,3.02923583984375,9.26519775390625
1.5500640869140625,3.02923583984375,9.26519775390625
1.5189361572265625,2.8197479248046875,9.5345458984375
1.5189361572265625,2.8197479248046875,9.5345458984375
1.4435272216796875,2.838897705078125,9.614761352539062
2.1737518310546875,2.7934112548828125,9.35858154296875
1.4435272216796875,2.838897705078125,9.614761352539062
2.1737518310546875,2.7934112548828125,9.35858154296875
3.1362152099609375,2.1649322509765625,9.867340087890625
3.1362152099609375,2.1649322509765625,9.867340087890625
3.3145904541015625,3.22796630859375,7.183441162109375
3.3145904541015625,3.22796630859375,7.183441162109375
6.8340606689453125,0.2411956787109375,10.377304077148438
6.8340606689453125,0.2411956787109375,10.377304077148438
0.363739013671875,4.2574615478515625,7.4492034912109375
0.363739013671875,4.2574615478515625,7.4492034912109375
0.3457794189453125,3.365631103515625,8.75762939453125
0.3457794189453125,3.365631103515625,8.75762939453125
1.7823028564453125,3.3368988037109375,8.8162841796875
1.7823028564453125,3.3368988037109375,8.8162841796875
1.044891357421875,3.235137939453125,9.357376098632812
1.044891357421875,3.235137939453125,9.357376098632812
-0.306640625,3.4530181884765625,9.408859252929688
-0.306640625,3.4530181884765625,9.408859252929688
-0.4826202392578125,3.5224456787109375,8.898895263671875
-0.4826202392578125,3.5224456787109375,8.898895263671875
-0.8908233642578125,3.393157958984375,9.043731689453125
-0.8908233642578125,3.393157958984375,9.043731689453125
-0.9818115234375,3.41351318359375,9.065277099609375
-0.9818115234375,3.41351318359375,9.065277099609375
-0.6849212646484375,3.0352325439453125,9.29632568359375
-0.6849212646484375,3.0352325439453125,9.29632568359375
-0.8944091796875,3.340484619140625,8.843826293945312
-0.8944091796875,3.340484619140625,8.843826293945312
-2.4111480712890625,2.6246185302734375,9.309494018554688
-2.4111480712890625,2.6246185302734375,9.309494018554688
-1.9215240478515625,1.0755767822265625,6.7213592529296875
-1.9215240478515625,1.0755767822265625,6.7213592529296875
-0.3377685546875,-0.9511260986328125,9.510604858398438
-0.3377685546875,-0.9511260986328125,9.510604858398438
-3.8500518798828125,-1.13427734375,9.528564453125
-3.8500518798828125,-1.13427734375,9.528564453125
-3.736328125,-1.58917236328125,9.490249633789062
-3.736328125,-1.58917236328125,9.490249633789062
-3.4681854248046875,-1.32940673828125,9.417236328125
-3.4681854248046875,-1.32940673828125,9.417236328125
-2.2112274169921875,0.0568389892578125,9.335830688476562
-2.2112274169921875,0.0568389892578125,9.335830688476562
-0.280303955078125,-0.67938232421875,9.868545532226562
-0.280303955078125,-0.67938232421875,9.868545532226562
-0.4048004150390625,-0.6674041748046875,9.8565673828125
-0.4048004150390625,-0.6674041748046875,9.8565673828125
-0.453887939453125,-0.65423583984375,9.805099487304688
-0.453887939453125,-0.65423583984375,9.805099487304688
-0.450286865234375,-0.670989990234375,9.87811279296875
-0.450286865234375,-0.670989990234375,9.87811279296875
-0.43951416015625,-0.6769866943359375,9.897262573242188
-0.43951416015625,-0.6769866943359375,9.897262573242188
-0.4478912353515625,-0.65423583984375,9.876922607421875
-0.4478912353515625,-0.65423583984375,9.876922607421875
-0.432342529296875,-0.6662139892578125,9.848190307617188
-0.432342529296875,-0.6662139892578125,9.848190307617188
-0.4107818603515625,-0.615936279296875,9.79193115234375
-0.4107818603515625,-0.615936279296875,9.79193115234375
-0.465850830078125,-0.6674041748046875,9.876922607421875
-0.465850830078125,-0.6674041748046875,9.876922607421875
-0.4371185302734375,-0.67578125,9.817062377929688
-0.4371185302734375,-0.67578125,9.817062377929688
-0.42755126953125,-0.6733856201171875,9.858963012695312
-0.42755126953125,-0.6733856201171875,9.858963012695312
-0.438323974609375,-0.6554412841796875,9.854171752929688
-0.438323974609375,-0.6554412841796875,9.854171752929688
-0.4263458251953125,-0.6626129150390625,9.827835083007812
-0.4263458251953125,-0.6626129150390625,9.827835083007812
-0.43353271484375,-0.6721954345703125,9.869735717773438
-0.43353271484375,-0.6721954345703125,9.869735717773438
-0.4191741943359375,-0.6662139892578125,9.868545532226562
-0.4191741943359375,-0.6662139892578125,9.868545532226562
-0.46466064453125,-0.62310791015625,9.8505859375
-0.46466064453125,-0.62310791015625,9.8505859375
-0.444305419921875,-0.6470489501953125,9.869735717773438
-0.444305419921875,-0.6470489501953125,9.869735717773438
-0.4371185302734375,-0.6733856201171875,9.857772827148438
-0.4371185302734375,-0.6733856201171875,9.857772827148438
-0.4455108642578125,-0.6614227294921875,9.848190307617188
-0.4455108642578125,-0.6614227294921875,9.848190307617188
-0.4682464599609375,-0.6697998046875,9.851776123046875
-0.4682464599609375,-0.6697998046875,9.851776123046875
-0.4514923095703125,-0.64227294921875,9.852981567382812
-0.4514923095703125,-0.64227294921875,9.852981567382812
-0.455078125,-0.7140960693359375,9.852981567382812
-0.455078125,-0.7140960693359375,9.852981567382812
-0.4215545654296875,-0.6326904296875,9.863754272460938
-0.4215545654296875,-0.6326904296875,9.863754272460938
-0.455078125,-0.66021728515625,9.855377197265625
-0.455078125,-0.66021728515625,9.855377197265625
-0.42755126953125,-0.6769866943359375,9.8565673828125
-0.42755126953125,-0.6769866943359375,9.8565673828125
-0.432342529296875,-0.649444580078125,9.851776123046875
-0.432342529296875,-0.649444580078125,9.851776123046875
-0.4263458251953125,-0.66021728515625,9.8505859375
-0.4263458251953125,-0.66021728515625,9.8505859375
-0.416778564453125,-0.6674041748046875,9.854171752929688
-0.416778564453125,-0.6674041748046875,9.854171752929688
-0.43353271484375,-0.637481689453125,9.882904052734375
-0.43353271484375,-0.637481689453125,9.882904052734375
-0.4634552001953125,-0.6949462890625,9.851776123046875
-0.4634552001953125,-0.6949462890625,9.851776123046875
-0.4670562744140625,-0.6398773193359375,9.8446044921875
-0.4670562744140625,-0.6398773193359375,9.8446044921875
-0.4490966796875,-0.6506500244140625,9.873321533203125
-0.4490966796875,-0.6506500244140625,9.873321533203125
-0.4682464599609375,-0.6446685791015625,9.8505859375
-0.4682464599609375,-0.6446685791015625,9.8505859375
-0.432342529296875,-0.670989990234375,9.868545532226562
-0.432342529296875,-0.670989990234375,9.868545532226562
-0.4359283447265625,-0.6733856201171875,9.843399047851562
-0.4359283447265625,-0.6733856201171875,9.843399047851562
-0.4610595703125,-0.6578369140625,9.863754272460938
-0.4610595703125,-0.6578369140625,9.863754272460938
-0.4574737548828125,-0.67578125,9.818267822265625
-0.4574737548828125,-0.67578125,9.818267822265625
-0.455078125,-0.6506500244140625,9.862548828125
-0.455078125,-0.6506500244140625,9.862548828125
-0.438323974609375,-0.659027099609375,9.808685302734375
-0.438323974609375,-0.659027099609375,9.808685302734375
-0.4490966796875,-0.665008544921875,9.869735717773438
-0.4490966796875,-0.665008544921875,9.869735717773438
-0.43353271484375,-0.6721954345703125,9.868545532226562
-0.43353271484375,-0.6721954345703125,9.868545532226562
-0.4490966796875,-0.6614227294921875,9.8565673828125
-0.4490966796875,-0.6614227294921875,9.8565673828125
-0.444305419921875,-0.6769866943359375,9.848190307617188
-0.444305419921875,-0.6769866943359375,9.848190307617188
-0.428741455078125,-0.649444580078125,9.896072387695312
-0.428741455078125,-0.649444580078125,9.896072387695312
-4.1182098388671875,-2.5839691162109375,9.736862182617188
-2.7666778564453125,5.911865234375,9.183792114257812
-4.1182098388671875,-2.5839691162109375,9.736862182617188
-2.7666778564453125,5.911865234375,9.183792114257812
-4.781402587890625,0.867279052734375,8.7672119140625
-4.781402587890625,0.867279052734375,8.7672119140625
0.416412353515625,4.052764892578125,4.2098388671875
0.416412353515625,4.052764892578125,4.2098388671875
-4.8903350830078125,7.3208465576171875,6.576507568359375
-4.8903350830078125,7.3208465576171875,6.576507568359375
-3.1234130859375,6.7438507080078125,7.3821563720703125
-3.1234130859375,6.7438507080078125,7.3821563720703125
1.171783447265625,7.6703948974609375,5.4237060546875
1.171783447265625,7.6703948974609375,5.4237060546875
0.00579833984375,8.328811645507812,2.0550689697265625
0.00579833984375,8.328811645507812,2.0550689697265625
-3.2048187255859375,8.859115600585938,3.3335723876953125
-3.2048187255859375,8.859115600585938,3.3335723876953125
3.31817626953125,6.7761688232421875,0.9656982421875
3.31817626953125,6.7761688232421875,0.9656982421875
0.3804931640625,9.014739990234375,2.5422821044921875
0.3804931640625,9.014739990234375,2.5422821044921875
-0.342559814453125,9.50555419921875,1.9185943603515625
-0.342559814453125,9.50555419921875,1.9185943603515625
0.4571075439453125,9.291275024414062,1.529541015625
0.4571075439453125,9.291275024414062,1.529541015625
0.4774627685546875,9.381057739257812,1.04949951171875
0.4774627685546875,9.381057739257812,1.04949951171875
0.955108642578125,9.304443359375,1.05548095703125
0.955108642578125,9.304443359375,1.05548095703125
1.1011505126953125,8.964462280273438,1.677978515625
1.1011505126953125,8.964462280273438,1.677978515625
0.93475341796875,8.811233520507812,2.565032958984375
0.93475341796875,8.811233520507812,2.565032958984375
0.5564727783203125,8.922561645507812,-0.6120758056640625
0.5564727783203125,8.922561645507812,-0.6120758056640625
-2.1214447021484375,7.3316192626953125,5.406951904296875
-2.1214447021484375,7.3316192626953125,5.406951904296875
-3.2622833251953125,7.1748046875,8.6055908203125
-3.2622833251953125,7.1748046875,8.6055908203125
0.8198394775390625,7.3735198974609375,3.1647796630859375
0.8198394775390625,7.3735198974609375,3.1647796630859375
1.7763214111328125,8.720260620117188,-1.2992095947265625
1.7763214111328125,8.720260620117188,-1.2992095947265625
1.134674072265625,8.247406005859375,-2.252105712890625
1.134674072265625,8.247406005859375,-2.252105712890625
-3.9745635986328125,10.300430297851562,-0.00634765625
-3.9745635986328125,10.300430297851562,-0.00634765625
3.7156219482421875,7.575836181640625,-2.261688232421875
3.7156219482421875,7.575836181640625,-2.261688232421875
8.975677490234375,5.29534912109375,-2.214996337890625
8.975677490234375,5.29534912109375,-2.214996337890625
9.186370849609375,4.809326171875,-1.7840423583984375
9.186370849609375,4.809326171875,-1.7840423583984375
4.621826171875,5.88671875,-0.26611328125
4.621826171875,5.88671875,-0.26611328125
-3.5196533203125,9.438522338867188,3.5418548583984375
-3.5196533203125,9.438522338867188,3.5418548583984375
-0.2922821044921875,8.795669555664062,0.59100341796875
-0.2922821044921875,8.795669555664062,0.59100341796875
-0.739990234375,6.060302734375,4.564178466796875
-0.739990234375,6.060302734375,4.564178466796875
-2.1058807373046875,8.06903076171875,6.2413177490234375
-2.1058807373046875,8.06903076171875,6.2413177490234375
0.39605712890625,6.7809600830078125,6.52264404296875
0.39605712890625,6.7809600830078125,6.52264404296875
-0.3257904052734375,7.0263671875,7.09246826171875
-0.3257904052734375,7.0263671875,7.09246826171875
-0.5951385498046875,6.61456298828125,6.8793792724609375
-0.5951385498046875,6.61456298828125,6.8793792724609375
-0.0301055908203125,7.234649658203125,5.7576904296875
-0.0301055908203125,7.234649658203125,5.7576904296875
-0.6059112548828125,6.6804046630859375,6.7010040283203125
-0.6059112548828125,6.6804046630859375,6.7010040283203125
-0.7579498291015625,4.5459747314453125,9.563278198242188
-0.7579498291015625,4.5459747314453125,9.563278198242188
1.3764801025390625,4.355621337890625,8.98388671875
1.3764801025390625,4.355621337890625,8.98388671875
1.257965087890625,4.2622528076171875,7.9567718505859375
1.257965087890625,4.2622528076171875,7.9567718505859375
2.7854766845703125,3.9019317626953125,9.08563232421875
2.7854766845703125,3.9019317626953125,9.08563232421875
1.3429718017578125,4.328094482421875,7.75445556640625
1.3429718017578125,4.328094482421875,7.75445556640625
3.6833038330078125,4.222747802734375,7.811920166015625
3.6833038330078125,4.222747802734375,7.811920166015625
3.0200958251953125,3.73193359375,8.57208251953125
3.0200958251953125,3.73193359375,8.57208251953125
4.3309326171875,3.69842529296875,8.633132934570312
4.3309326171875,3.69842529296875,8.633132934570312
-0.1785430908203125,3.4901275634765625,8.664260864257812
-0.1785430908203125,3.4901275634765625,8.664260864257812
-1.147003173828125,4.544769287109375,8.28118896484375
-1.147003173828125,4.544769287109375,8.28118896484375
-1.3493194580078125,4.8368682861328125,7.8885345458984375
-1.3493194580078125,4.8368682861328125,7.8885345458984375
-1.5923309326171875,5.1062164306640625,7.8885345458984375
-1.5923309326171875,5.1062164306640625,7.8885345458984375
-0.280303955078125,4.9434051513671875,7.9567718505859375
-0.280303955078125,4.9434051513671875,7.9567718505859375
-0.131866455078125,4.7518768310546875,8.381744384765625
-0.131866455078125,4.7518768310546875,8.381744384765625
0.423583984375,4.6908111572265625,8.285964965820312
0.423583984375,4.6908111572265625,8.285964965820312
0.7743377685546875,4.6908111572265625,8.108795166015625
0.7743377685546875,4.6908111572265625,8.108795166015625
0.349365234375,4.2957763671875,8.879730224609375
0.349365234375,4.2957763671875,8.879730224609375
0.1326904296875,4.607025146484375,8.6055908203125
0.1326904296875,4.607025146484375,8.6055908203125
0.0189666748046875,4.6644744873046875,8.327865600585938
0.0189666748046875,4.6644744873046875,8.327865600585938
-0.03729248046875,4.665679931640625,8.591232299804688
-0.03729248046875,4.665679931640625,8.591232299804688
-0.332977294921875,4.950592041015625,8.258438110351562
-0.332977294921875,4.950592041015625,8.258438110351562
-0.8058319091796875,5.416259765625,8.072891235351562
-0.8058319091796875,5.416259765625,8.072891235351562
-1.3936004638671875,6.2769775390625,7.0709075927734375
-1.3936004638671875,6.2769775390625,7.0709075927734375
-0.31622314453125,5.5922393798828125,8.157882690429688
-0.31622314453125,5.5922393798828125,8.157882690429688
-0.9267425537109375,5.9884796142578125,7.3749847412109375
-0.9267425537109375,5.9884796142578125,7.3749847412109375
-0.54486083984375,5.668853759765625,7.720947265625
-0.54486083984375,5.668853759765625,7.720947265625
-0.3581085205078125,5.62335205078125,7.4563751220703125
-0.3581085205078125,5.62335205078125,7.4563751220703125
-0.528106689453125,5.421051025390625,7.8454437255859375
-0.528106689453125,5.421051025390625,7.8454437255859375
-0.307830810546875,5.2738037109375,8.0238037109375
-0.307830810546875,5.2738037109375,8.0238037109375
-1.7156219482421875,5.7682037353515625,7.827484130859375
-1.7156219482421875,5.7682037353515625,7.827484130859375
-0.9015960693359375,5.479705810546875,7.95556640625
-0.9015960693359375,5.479705810546875,7.95556640625
-1.28826904296875,5.6724395751953125,8.020217895507812
-1.28826904296875,5.6724395751953125,8.020217895507812
-1.066802978515625,5.6832122802734375,7.1858367919921875
-1.066802978515625,5.6832122802734375,7.1858367919921875
-1.07757568359375,5.6472930908203125,7.7245330810546875
-1.07757568359375,5.6472930908203125,7.7245330810546875
-1.8580780029296875,5.800537109375,7.6503143310546875
-1.8580780029296875,5.800537109375,7.6503143310546875
-0.540069580078125,4.68603515625,8.406875610351562
-0.540069580078125,4.68603515625,8.406875610351562
-0.5472564697265625,4.117401123046875,9.109573364257812
-0.5472564697265625,4.117401123046875,9.109573364257812
-0.1929168701171875,3.73553466796875,8.957550048828125
-0.1929168701171875,3.73553466796875,8.957550048828125
-0.190521240234375,3.5858917236328125,9.515396118164062
-0.190521240234375,3.5858917236328125,9.515396118164062
-1.6713409423828125,5.015228271484375,7.880157470703125
-1.6713409423828125,5.015228271484375,7.880157470703125
-1.3876190185546875,5.2750091552734375,7.9196624755859375
-1.3876190185546875,5.2750091552734375,7.9196624755859375
-2.017303466796875,5.705963134765625,7.2923736572265625
-2.017303466796875,5.705963134765625,7.2923736572265625
-1.2295989990234375,5.6185760498046875,7.5018768310546875
-1.2295989990234375,5.6185760498046875,7.5018768310546875
-0.5364837646484375,5.0260009765625,7.7831878662109375
-0.5364837646484375,5.0260009765625,7.7831878662109375
-0.004974365234375,5.06671142578125,7.938812255859375
-0.004974365234375,5.06671142578125,7.938812255859375
0.11712646484375,4.9445953369140625,8.484695434570312
0.11712646484375,4.9445953369140625,8.484695434570312
-0.0648193359375,5.2366943359375,7.6646728515625
-0.0648193359375,5.2366943359375,7.6646728515625
0.1135406494140625,3.73553466796875,8.998245239257812
0.1135406494140625,3.73553466796875,8.998245239257812
0.7037200927734375,2.770660400390625,9.486663818359375
0.7037200927734375,2.770660400390625,9.486663818359375
0.896453857421875,2.817352294921875,9.508209228515625
0.896453857421875,2.817352294921875,9.508209228515625
0.6510467529296875,3.5894775390625,8.72650146484375
0.6510467529296875,3.5894775390625,8.72650146484375
0.11114501953125,4.2502899169921875,8.645095825195312
0.11114501953125,4.2502899169921875,8.645095825195312
0.18896484375,4.4250640869140625,8.48828125
0.18896484375,4.4250640869140625,8.48828125
-0.3030548095703125,4.7410888671875,7.8262786865234375
-0.3030548095703125,4.7410888671875,7.8262786865234375
-0.83935546875,4.6465301513671875,8.672637939453125
-0.83935546875,4.6465301513671875,8.672637939453125
-0.7100677490234375,4.5938568115234375,8.47869873046875
-0.7100677490234375,4.5938568115234375,8.47869873046875
-0.87646484375,4.93621826171875,7.811920166015625
-0.87646484375,4.93621826171875,7.811920166015625
-1.221221923828125,4.8368682861328125,9.492645263671875
-1.221221923828125,4.8368682861328125,9.492645263671875
-1.2080535888671875,5.4390106201171875,7.3797607421875
-1.2080535888671875,5.4390106201171875,7.3797607421875
-1.351715087890625,4.5890655517578125,9.320266723632812
-1.351715087890625,4.5890655517578125,9.320266723632812
-1.3672637939453125,4.4777374267578125,8.755233764648438
-1.3672637939453125,4.4777374267578125,8.755233764648438
-1.0177154541015625,4.3209075927734375,8.82586669921875
-1.0177154541015625,4.3209075927734375,8.82586669921875
-0.8860321044921875,4.2407073974609375,8.836639404296875
-0.8860321044921875,4.2407073974609375,8.836639404296875
-0.924346923828125,4.4047088623046875,8.4451904296875
-0.924346923828125,4.4047088623046875,8.4451904296875
-0.8417510986328125,4.2837982177734375,8.623550415039062
-0.8417510986328125,4.2837982177734375,8.623550415039062
-0.8261871337890625,4.2837982177734375,8.60321044921875
-0.8261871337890625,4.2837982177734375,8.60321044921875
-0.5113372802734375,4.2670440673828125,8.223724365234375
-0.5113372802734375,4.2670440673828125,8.223724365234375
-1.0165252685546875,4.20001220703125,8.971908569335938
-1.0165252685546875,4.20001220703125,8.971908569335938
-0.7208404541015625,4.1676788330078125,8.5565185546875
-0.7208404541015625,4.1676788330078125,8.5565185546875
-0.6849212646484375,4.13177490234375,8.645095825195312
-0.6849212646484375,4.13177490234375,8.645095825195312
-0.8848419189453125,4.0252227783203125,9.214920043945312
-0.8848419189453125,4.0252227783203125,9.214920043945312
-0.9063873291015625,4.164093017578125,8.770797729492188
-0.9063873291015625,4.164093017578125,8.770797729492188
-0.72442626953125,4.1521148681640625,8.46673583984375
-0.72442626953125,4.1521148681640625,8.46673583984375
-1.0021514892578125,3.92706298828125,8.025009155273438
-1.0021514892578125,3.92706298828125,8.025009155273438
-1.135040283203125,4.1605072021484375,8.496658325195312
-1.135040283203125,4.1605072021484375,8.496658325195312
-0.888427734375,3.9976959228515625,8.993453979492188
-0.888427734375,3.9976959228515625,8.993453979492188
-0.692108154296875,4.0395965576171875,8.4140625
-0.692108154296875,4.0395965576171875,8.4140625
-0.7998504638671875,3.8624267578125,9.1634521484375
-0.7998504638671875,3.8624267578125,9.1634521484375
-0.639434814453125,3.9605865478515625,8.686996459960938
-0.639434814453125,3.9605865478515625,8.686996459960938
-0.9482879638671875,3.80377197265625,9.41363525390625
-0.9482879638671875,3.80377197265625,9.41363525390625
-0.9015960693359375,3.8492584228515625,8.889312744140625
-0.9015960693359375,3.8492584228515625,8.889312744140625
-1.152984619140625,4.1138153076171875,7.985504150390625
-1.152984619140625,4.1138153076171875,7.985504150390625
-1.1601715087890625,4.226348876953125,8.040573120117188
-1.1601715087890625,4.226348876953125,8.040573120117188
-0.8860321044921875,3.931854248046875,8.886917114257812
-0.8860321044921875,3.931854248046875,8.886917114257812
-0.9075775146484375,3.9174957275390625,8.89410400390625
-0.9075775146484375,3.9174957275390625,8.89410400390625
-0.8596954345703125,3.9091033935546875,8.47271728515625
-0.8596954345703125,3.9091033935546875,8.47271728515625
-0.83575439453125,3.8277130126953125,8.90008544921875
-0.83575439453125,3.8277130126953125,8.90008544921875
-1.1182708740234375,3.990509033203125,8.749252319335938
-1.1182708740234375,3.990509033203125,8.749252319335938
-0.8944091796875,3.953399658203125,8.634323120117188
-0.8944091796875,3.953399658203125,8.634323120117188
-0.814208984375,3.8803863525390625,8.748046875
-0.814208984375,3.8803863525390625,8.748046875
-1.0057525634765625,3.91510009765625,8.90966796875
-1.0057525634765625,3.91510009765625,8.90966796875
-0.8058319091796875,3.5116729736328125,9.970291137695312
-0.8058319091796875,3.5116729736328125,9.970291137695312
-0.9542694091796875,3.84686279296875,9.032958984375
-0.9542694091796875,3.84686279296875,9.032958984375
-0.85491943359375,3.8372802734375,8.951553344726562
-0.85491943359375,3.8372802734375,8.951553344726562
-1.12664794921875,4.10064697265625,7.869384765625
-1.12664794921875,4.10064697265625,7.869384765625
-0.962646484375,3.9965057373046875,8.7420654296875
-0.962646484375,3.9965057373046875,8.7420654296875
-0.8644866943359375,3.95220947265625,8.904876708984375
-0.8644866943359375,3.95220947265625,8.904876708984375
-1.235595703125,4.07550048828125,7.6287689208984375
-1.235595703125,4.07550048828125,7.6287689208984375
-1.0955352783203125,4.0659332275390625,8.46075439453125
-1.0955352783203125,4.0659332275390625,8.46075439453125
-0.8704681396484375,3.984527587890625,8.87493896484375
-0.8704681396484375,3.984527587890625,8.87493896484375
-0.887237548828125,3.810943603515625,9.570465087890625
-0.887237548828125,3.810943603515625,9.570465087890625
-0.973419189453125,4.0599517822265625,8.550537109375
-0.973419189453125,4.0599517822265625,8.550537109375
-0.930328369140625,3.953399658203125,8.920440673828125
-0.930328369140625,3.953399658203125,8.920440673828125
-0.9710235595703125,3.7451019287109375,9.088027954101562
-0.9710235595703125,3.7451019287109375,9.088027954101562
-0.9818115234375,3.8719940185546875,8.919235229492188
-0.9818115234375,3.8719940185546875,8.919235229492188
-1.08355712890625,4.0084686279296875,8.810302734375
-1.08355712890625,4.0084686279296875,8.810302734375
-1.0308837890625,4.0359954833984375,8.67742919921875
-1.0308837890625,4.0359954833984375,8.67742919921875
-0.76153564453125,3.922271728515625,8.570877075195312
-0.76153564453125,3.922271728515625,8.570877075195312
-1.2595367431640625,4.1569061279296875,7.8358612060546875
-1.1122894287109375,4.0731201171875,8.481094360351562
-0.930328369140625,3.937835693359375,8.970718383789062
-1.2595367431640625,4.1569061279296875,7.8358612060546875
-1.1122894287109375,4.0731201171875,8.481094360351562
-0.930328369140625,3.937835693359375,8.970718383789062
-0.8166046142578125,3.88995361328125,9.6339111328125
-0.8166046142578125,3.88995361328125,9.6339111328125
-1.0644073486328125,4.02642822265625,8.724105834960938
-1.0644073486328125,4.02642822265625,8.724105834960938
-1.0236968994140625,3.9510040283203125,8.843826293945312
-1.0236968994140625,3.9510040283203125,8.843826293945312
-0.9051971435546875,3.9557952880859375,8.7301025390625
-0.9051971435546875,3.9557952880859375,8.7301025390625
-1.558807373046875,4.1353607177734375,9.043731689453125
-1.558807373046875,4.1353607177734375,9.043731689453125
0.27874755859375,3.613433837890625,8.703765869140625
0.27874755859375,3.613433837890625,8.703765869140625
-0.94708251953125,4.0455780029296875,9.127532958984375
-0.94708251953125,4.0455780029296875,9.127532958984375
-0.702880859375,4.0671234130859375,8.731292724609375
-0.702880859375,4.0671234130859375,8.731292724609375
-0.4670562744140625,3.968963623046875,8.522994995117188
-0.4670562744140625,3.968963623046875,8.522994995117188
-0.4359283447265625,3.9234771728515625,8.833053588867188
-0.4359283447265625,3.9234771728515625,8.833053588867188
-2.6493682861328125,4.2993621826171875,8.684600830078125
-2.3812103271484375,4.0791015625,8.50384521484375
-1.3876190185546875,3.4949188232421875,8.46673583984375
-3.291015625,2.25592041015625,8.928817749023438
-3.0934906005859375,0.28070068359375,8.16986083984375
-4.38995361328125,0.5057525634765625,7.9196624755859375
-1.8544921875,-0.6733856201171875,4.9245147705078125
-3.0551910400390625,-0.4016571044921875,8.721710205078125
-1.152984619140625,-0.182586669921875,9.613555908203125
-0.360504150390625,-0.383697509765625,10.098388671875
-0.4299468994140625,-0.353759765625,9.900863647460938
-0.4239501953125,-0.3705291748046875,9.87213134765625
-0.4311370849609375,-0.353759765625,9.838607788085938
-0.40838623046875,-0.3765106201171875,9.864944458007812
-0.4251556396484375,-0.36932373046875,9.879318237304688
-0.4299468994140625,-0.3729248046875,9.874526977539062
-0.406005859375,-0.3549652099609375,9.86614990234375
-0.4311370849609375,-0.368133544921875,9.879318237304688
-0.4143829345703125,-0.4028472900390625,9.861358642578125
-0.407196044921875,-0.353759765625,9.864944458007812
-0.4299468994140625,-0.358551025390625,9.858963012695312
-0.42755126953125,-0.3777008056640625,9.84698486328125
-0.397613525390625,-0.3777008056640625,9.857772827148438
-0.4155731201171875,-0.352569580078125,9.855377197265625
-0.416778564453125,-0.3777008056640625,9.861358642578125
-0.4048004150390625,-0.36932373046875,9.8817138671875
-0.4107818603515625,-0.341796875,9.814666748046875
-0.4000091552734375,-0.35736083984375,9.87213134765625
-0.3928375244140625,-0.3657379150390625,9.8446044921875
-0.4048004150390625,-0.37890625,9.8134765625
-0.4311370849609375,-0.368133544921875,9.8446044921875
-0.4143829345703125,-0.3609466552734375,9.838607788085938
-0.4467010498046875,-0.36932373046875,9.876922607421875
-0.4311370849609375,-0.362152099609375,9.870941162109375
-0.4203643798828125,-0.3453826904296875,9.876922607421875
-0.397613525390625,-0.3597564697265625,9.845794677734375
-0.3952178955078125,-0.395660400390625,9.861358642578125
-0.4359283447265625,-0.36932373046875,9.861358642578125
-0.40240478515625,-0.380096435546875,9.8505859375
-0.3952178955078125,-0.368133544921875,9.80987548828125
-0.4143829345703125,-0.342987060546875,9.885299682617188
-0.43951416015625,-0.3872833251953125,9.860153198242188
-0.3952178955078125,-0.383697509765625,9.923599243164062
-0.4107818603515625,-0.3501739501953125,9.879318237304688
-0.39642333984375,-0.358551025390625,9.84100341796875
-0.4048004150390625,-0.3513641357421875,9.818267822265625
-0.43951416015625,-0.3729248046875,9.863754272460938
-0.37127685546875,-0.389678955078125,9.79791259765625
-0.401214599609375,-0.3753204345703125,9.849380493164062
-0.407196044921875,-0.3561553955078125,9.83502197265625
-0.354522705078125,-0.3824920654296875,9.879318237304688
-0.4036102294921875,-0.346588134765625,9.8565673828125
-0.39642333984375,-0.390869140625,9.8446044921875
-0.4107818603515625,-0.358551025390625,9.842208862304688
-0.39642333984375,-0.3765106201171875,9.867340087890625
-0.3940277099609375,-0.3597564697265625,9.843399047851562
-0.407196044921875,-0.3753204345703125,9.8817138671875
-0.443115234375,-0.3753204345703125,9.86614990234375
-0.4048004150390625,-0.3597564697265625,9.898468017578125
-0.4095916748046875,-0.3717193603515625,9.82904052734375
-0.422760009765625,-0.3765106201171875,9.852981567382812
-0.422760009765625,-0.341796875,9.873321533203125
-0.4299468994140625,-0.364532470703125,9.8565673828125
-0.434722900390625,-0.368133544921875,9.851776123046875
-0.401214599609375,-0.358551025390625,9.875717163085938
-0.413177490234375,-0.3860931396484375,9.833816528320312
-0.4251556396484375,-0.368133544921875,9.879318237304688
-0.450286865234375,-0.380096435546875,9.826644897460938
-0.4263458251953125,-0.4076385498046875,9.867340087890625
-0.4048004150390625,-0.3657379150390625,9.875717163085938
-0.4407196044921875,-0.3657379150390625,9.900863647460938
-0.413177490234375,-0.358551025390625,9.801498413085938
-0.4107818603515625,-0.383697509765625,9.857772827148438
-0.416778564453125,-0.35736083984375,9.891281127929688
-0.3940277099609375,-0.3717193603515625,9.858963012695312
-1.384033203125,8.150436401367188,4.7425537109375
-1.55401611328125,7.80328369140625,4.4133453369140625
-1.246368408203125,7.179595947265625,6.31793212890625
-1.209259033203125,6.8252410888671875,6.505889892578125
-1.443878173828125,6.352386474609375,6.80755615234375
-1.198486328125,6.6396942138671875,6.6531219482421875
-1.1769256591796875,6.5858306884765625,6.4735565185546875
-1.527679443359375,6.603790283203125,6.1790771484375
0.0093994140625,5.43780517578125,8.053741455078125
-1.2080535888671875,4.724334716796875,8.598419189453125
0.3086700439453125,5.1696624755859375,13.220428466796875
0.914398193359375,4.4741363525390625,9.144287109375
0.0333404541015625,5.0750885009765625,8.02978515625
0.40203857421875,5.235504150390625,8.0860595703125
0.3074798583984375,5.278594970703125,7.9842987060546875
1.125091552734375,6.383514404296875,5.64996337890625
-6.335235595703125,2.0859222412109375,12.03289794921875
-2.2531280517578125,0.13824462890625,10.532928466796875
-15.218917846679688,0.5380706787109375,21.073410034179688
-1.5085296630859375,-0.3657379150390625,8.94677734375
-0.6430206298828125,-0.268768310546875,9.199356079101562
-0.3581085205078125,-0.39447021484375,9.833816528320312
-0.360504150390625,-0.353759765625,9.890090942382812
-0.33416748046875,-0.3729248046875,9.892486572265625
-0.3401641845703125,-0.3717193603515625,9.87213134765625
-0.3665008544921875,-0.3705291748046875,9.858963012695312
-0.348541259765625,-0.3609466552734375,9.891281127929688
-0.3581085205078125,-0.3848876953125,9.861358642578125
-0.326995849609375,-0.37890625,9.860153198242188
-0.3772735595703125,-0.3717193603515625,9.815872192382812
-0.344940185546875,-0.3561553955078125,9.870941162109375
-0.3569183349609375,-0.364532470703125,9.899658203125
-0.3521270751953125,-0.374114990234375,9.885299682617188
-0.719635009765625,-0.4495391845703125,9.849380493164062
-0.6909027099609375,-0.4399566650390625,9.8876953125
-0.6992950439453125,-0.4471435546875,9.811080932617188
-0.7052764892578125,-0.4219970703125,9.870941162109375
-0.7316131591796875,-0.4387664794921875,9.854171752929688
-0.6945037841796875,-0.44354248046875,9.868545532226562
-0.6621856689453125,-0.4471435546875,9.826644897460938
-0.6837310791015625,-0.4555206298828125,9.860153198242188
-0.6837310791015625,-0.47467041015625,9.874526977539062
-0.682525634765625,-0.4399566650390625,9.874526977539062
-0.68731689453125,-0.442352294921875,9.820648193359375
-0.6956939697265625,-0.4291839599609375,9.87811279296875
-0.6837310791015625,-0.43157958984375,9.849380493164062
-0.723236083984375,-0.4291839599609375,9.8565673828125
-0.6897125244140625,-0.454315185546875,9.857772827148438
-0.7160491943359375,-0.436370849609375,9.836212158203125
-0.702880859375,-0.4351654052734375,9.864944458007812
-0.7100677490234375,-0.4662933349609375,9.833816528320312
-0.702880859375,-0.4651031494140625,9.857772827148438
-0.7340087890625,-0.411224365234375,9.838607788085938
-0.7256317138671875,-0.46270751953125,9.827835083007812
-0.71484375,-0.4674835205078125,9.891281127929688
-0.7088623046875,-0.4471435546875,9.87213134765625
-0.7064666748046875,-0.4219970703125,9.839813232421875
-0.7579498291015625,-0.4615020751953125,9.366958618164062
-0.71844482421875,-0.4495391845703125,9.862548828125
-0.7088623046875,-0.4567108154296875,9.825439453125
-0.7004852294921875,-0.427978515625,9.823043823242188
-0.704071044921875,-0.426788330078125,9.818267822265625
-0.723236083984375,-0.4303741455078125,9.8565673828125
-0.7172393798828125,-0.4243927001953125,9.84698486328125
-0.702880859375,-0.4567108154296875,9.896072387695312
-0.71484375,-0.46868896484375,9.879318237304688
-0.72442626953125,-0.4291839599609375,9.890090942382812
-0.7268218994140625,-0.4471435546875,9.874526977539062
-0.6909027099609375,-0.442352294921875,9.836212158203125
